7 7 66 66 28 28 72 72 82 82 67 67 69 69 72 72 61 61 1 1 72 72 57 57 100 100 75 75 16 16 30 30 62 62 96 96 34 34 10 10 77 77 97 97 24 24 35 35 76 76 69 69 10 10 57 57 94 94 10 10 58 58 89 89 89 89 36 36 71 71 84 84 97 97 45 45 70 70 91 91 39 39 70 70 10 10 61 61 23 23 41 41 73 73 54 54 95 95 89 89 
53 53 78 78 5 5 12 12 31 31 42 42 47 47 76 76 68 68 42 42 23 23 40 40 23 23 1 1 83 83 67 67 49 49 5 5 62 62 84 84 8 8 61 61 16 16 95 95 46 46 7 7 19 19 76 76 89 89 76 76 64 64 84 84 33 33 79 79 13 13 5 5 35 35 44 44 86 86 49 49 29 29 24 24 94 94 61 61 4 4 13 13 34 34 56 56 46 46 17 17 
41 41 53 53 92 92 47 47 29 29 2 2 32 32 49 49 67 67 24 24 30 30 34 34 96 96 60 60 93 93 53 53 7 7 19 19 97 97 99 99 70 70 75 75 2 2 70 70 23 23 57 57 84 84 72 72 45 45 11 11 36 36 92 92 42 42 97 97 88 88 21 21 95 95 70 70 50 50 51 51 75 75 64 64 16 16 8 8 49 49 13 13 4 4 4 4 43 43 76 76 
50 50 61 61 43 43 73 73 72 72 58 58 63 63 21 21 22 22 21 21 51 51 47 47 66 66 51 51 18 18 59 59 28 28 56 56 90 90 66 66 10 10 65 65 22 22 28 28 38 38 54 54 54 54 41 41 40 40 44 44 30 30 91 91 92 92 74 74 44 44 1 1 85 85 22 22 28 28 29 29 91 91 91 91 28 28 77 77 15 15 51 51 81 81 43 43 28 28 82 82 
99 99 95 95 80 80 35 35 100 100 41 41 35 35 9 9 37 37 13 13 20 20 38 38 62 62 54 54 11 11 97 97 15 15 88 88 95 95 17 17 10 10 26 26 43 43 31 31 74 74 93 93 71 71 49 49 57 57 26 26 60 60 55 55 25 25 38 38 98 98 2 2 42 42 49 49 15 15 39 39 6 6 34 34 4 4 58 58 75 75 54 54 34 34 1 1 4 4 39 39 
81 81 54 54 88 88 75 75 48 48 71 71 32 32 80 80 94 94 64 64 21 21 24 24 28 28 1 1 50 50 67 67 31 31 14 14 19 19 83 83 44 44 65 65 65 65 27 27 86 86 70 70 56 56 3 3 48 48 93 93 96 96 4 4 76 76 90 90 36 36 31 31 43 43 57 57 79 79 44 44 24 24 2 2 40 40 81 81 32 32 36 36 33 33 44 44 6 6 36 36 
64 64 98 98 2 2 94 94 74 74 26 26 46 46 61 61 100 100 20 20 2 2 9 9 36 36 23 23 26 26 23 23 16 16 11 11 54 54 13 13 69 69 19 19 66 66 91 91 51 51 64 64 74 74 88 88 36 36 3 3 69 69 88 88 78 78 51 51 53 53 70 70 75 75 66 66 9 9 44 44 44 44 87 87 92 92 10 10 32 32 93 93 82 82 44 44 8 8 63 63 
96 96 33 33 6 6 54 54 85 85 30 30 90 90 85 85 15 15 42 42 82 82 83 83 87 87 94 94 43 43 99 99 96 96 88 88 54 54 6 6 86 86 53 53 32 32 44 44 3 3 5 5 1 1 88 88 31 31 23 23 55 55 18 18 49 49 64 64 37 37 15 15 64 64 72 72 98 98 24 24 72 72 89 89 44 44 70 70 17 17 82 82 4 4 1 1 7 7 70 70 
48 48 88 88 51 51 35 35 28 28 48 48 2 2 67 67 57 57 35 35 93 93 96 96 54 54 11 11 8 8 35 35 76 76 76 76 10 10 85 85 83 83 32 32 74 74 2 2 3 3 21 21 5 5 87 87 30 30 33 33 35 35 64 64 32 32 47 47 69 69 67 67 26 26 69 69 10 10 7 7 21 21 68 68 19 19 18 18 93 93 72 72 18 18 72 72 14 14 41 41 
8 8 66 66 20 20 46 46 5 5 60 60 23 23 9 9 62 62 86 86 81 81 93 93 22 22 59 59 26 26 14 14 69 69 39 39 83 83 86 86 21 21 56 56 85 85 81 81 14 14 73 73 7 7 59 59 43 43 96 96 48 48 23 23 45 45 1 1 34 34 20 20 82 82 33 33 14 14 50 50 98 98 20 20 28 28 75 75 22 22 30 30 23 23 21 21 45 45 92 92 
30 30 43 43 24 24 32 32 16 16 71 71 76 76 88 88 74 74 37 37 65 65 83 83 29 29 86 86 23 23 92 92 95 95 48 48 55 55 71 71 5 5 12 12 31 31 59 59 32 32 47 47 5 5 71 71 95 95 85 85 84 84 82 82 37 37 17 17 58 58 66 66 13 13 87 87 12 12 66 66 67 67 28 28 5 5 19 19 26 26 32 32 85 85 64 64 52 52 53 53 
13 13 17 17 45 45 20 20 25 25 31 31 37 37 87 87 75 75 54 54 89 89 65 65 10 10 69 69 88 88 84 84 82 82 54 54 40 40 20 20 35 35 35 35 98 98 3 3 41 41 51 51 2 2 33 33 56 56 53 53 35 35 52 52 91 91 17 17 43 43 100 100 46 46 91 91 4 4 63 63 57 57 52 52 95 95 85 85 7 7 33 33 5 5 50 50 79 79 75 75 
100 100 66 66 73 73 28 28 90 90 76 76 49 49 92 92 74 74 92 92 68 68 73 73 87 87 23 23 4 4 59 59 20 20 67 67 73 73 84 84 65 65 88 88 12 12 31 31 74 74 26 26 7 7 86 86 13 13 5 5 71 71 94 94 13 13 87 87 27 27 41 41 66 66 21 21 15 15 16 16 54 54 90 90 85 85 8 8 58 58 5 5 12 12 94 94 60 60 51 51 
21 21 48 48 53 53 24 24 55 55 24 24 10 10 76 76 12 12 88 88 41 41 98 98 17 17 57 57 28 28 5 5 29 29 22 22 28 28 24 24 61 61 46 46 44 44 91 91 17 17 81 81 85 85 9 9 36 36 11 11 37 37 11 11 34 34 84 84 33 33 81 81 19 19 95 95 31 31 52 52 21 21 32 32 96 96 23 23 82 82 27 27 67 67 68 68 47 47 69 69 
11 11 63 63 63 63 57 57 99 99 60 60 16 16 36 36 39 39 18 18 69 69 42 42 99 99 76 76 15 15 25 25 58 58 2 2 29 29 83 83 52 52 67 67 11 11 69 69 49 49 1 1 61 61 13 13 84 84 62 62 4 4 98 98 84 84 38 38 3 3 6 6 30 30 40 40 90 90 82 82 53 53 70 70 49 49 6 6 82 82 94 94 77 77 53 53 1 1 45 45 
38 38 31 31 91 91 21 21 31 31 61 61 88 88 24 24 22 22 32 32 90 90 71 71 13 13 66 66 85 85 7 7 1 1 85 85 38 38 61 61 11 11 62 62 14 14 77 77 38 38 1 1 4 4 62 62 62 62 75 75 46 46 3 3 76 76 32 32 58 58 7 7 89 89 45 45 12 12 9 9 72 72 91 91 24 24 25 25 67 67 12 12 56 56 75 75 78 78 12 12 
60 60 99 99 79 79 92 92 2 2 26 26 82 82 88 88 5 5 74 74 74 74 37 37 88 88 81 81 56 56 32 32 86 86 72 72 54 54 75 75 82 82 57 57 71 71 68 68 2 2 31 31 4 4 46 46 74 74 49 49 26 26 9 9 91 91 27 27 12 12 66 66 58 58 29 29 99 99 81 81 84 84 8 8 41 41 77 77 97 97 75 75 19 19 87 87 46 46 53 53 
1 1 42 42 93 93 89 89 28 28 36 36 74 74 2 2 50 50 32 32 18 18 55 55 23 23 92 92 82 82 56 56 58 58 30 30 16 16 51 51 5 5 66 66 82 82 33 33 46 46 54 54 87 87 4 4 10 10 34 34 4 4 4 4 73 73 98 98 26 26 85 85 16 16 94 94 78 78 72 72 81 81 100 100 33 33 4 4 1 1 47 47 71 71 62 62 35 35 25 25 
8 8 74 74 59 59 3 3 35 35 25 25 61 61 35 35 26 26 67 67 31 31 42 42 30 30 93 93 84 84 22 22 98 98 17 17 48 48 72 72 99 99 39 39 7 7 25 25 80 80 46 46 35 35 50 50 26 26 17 17 77 77 85 85 19 19 99 99 83 83 56 56 70 70 43 43 4 4 11 11 71 71 40 40 63 63 13 13 99 99 70 70 8 8 44 44 77 77 52 52 
6 6 62 62 44 44 23 23 11 11 85 85 53 53 49 49 16 16 1 1 29 29 32 32 8 8 82 82 94 94 46 46 13 13 88 88 73 73 83 83 58 58 26 26 59 59 53 53 74 74 69 69 88 88 92 92 86 86 12 12 3 3 63 63 93 93 80 80 58 58 12 12 100 100 63 63 32 32 27 27 56 56 2 2 1 1 52 52 44 44 50 50 52 52 68 68 11 11 89 89 
94 94 95 95 76 76 21 21 93 93 80 80 35 35 78 78 70 70 29 29 94 94 90 90 43 43 13 13 30 30 5 5 19 19 76 76 99 99 36 36 41 41 59 59 60 60 35 35 58 58 14 14 64 64 88 88 52 52 97 97 43 43 35 35 91 91 87 87 82 82 58 58 45 45 78 78 2 2 46 46 50 50 100 100 5 5 61 61 14 14 65 65 2 2 37 37 36 36 84 84 
73 73 17 17 38 38 64 64 58 58 54 54 8 8 1 1 32 32 80 80 67 67 70 70 64 64 94 94 33 33 50 50 12 12 49 49 32 32 67 67 38 38 25 25 37 37 88 88 19 19 48 48 30 30 19 19 79 79 99 99 44 44 11 11 3 3 22 22 67 67 2 2 90 90 61 61 94 94 17 17 75 75 33 33 29 29 48 48 24 24 50 50 95 95 39 39 42 42 7 7 
99 99 93 93 32 32 87 87 76 76 75 75 77 77 48 48 1 1 38 38 26 26 100 100 38 38 78 78 27 27 31 31 1 1 28 28 28 28 52 52 14 14 42 42 31 31 37 37 15 15 33 33 53 53 2 2 35 35 56 56 67 67 20 20 78 78 56 56 7 7 17 17 77 77 44 44 4 4 43 43 65 65 6 6 37 37 50 50 16 16 37 37 76 76 11 11 84 84 59 59 
47 47 67 67 80 80 22 22 72 72 80 80 89 89 1 1 53 53 2 2 97 97 43 43 97 97 54 54 79 79 74 74 46 46 1 1 5 5 77 77 71 71 3 3 84 84 94 94 12 12 30 30 58 58 74 74 96 96 89 89 25 25 23 23 22 22 45 45 38 38 19 19 11 11 97 97 46 46 55 55 76 76 74 74 27 27 83 83 16 16 88 88 61 61 15 15 85 85 30 30 
48 48 72 72 25 25 55 55 31 31 16 16 79 79 8 8 10 10 6 6 1 1 46 46 73 73 93 93 76 76 60 60 91 91 68 68 42 42 92 92 13 13 54 54 25 25 68 68 27 27 72 72 52 52 20 20 7 7 2 2 34 34 47 47 24 24 94 94 96 96 21 21 9 9 65 65 43 43 58 58 42 42 4 4 86 86 6 6 18 18 19 19 8 8 56 56 39 39 89 89 
80 80 45 45 54 54 32 32 12 12 25 25 47 47 57 57 56 56 50 50 77 77 71 71 7 7 21 21 77 77 64 64 8 8 33 33 84 84 8 8 52 52 69 69 22 22 9 9 20 20 50 50 3 3 38 38 69 69 16 16 24 24 37 37 30 30 29 29 30 30 42 42 83 83 70 70 50 50 14 14 42 42 60 60 96 96 65 65 69 69 25 25 64 64 57 57 78 78 32 32 
59 59 98 98 12 12 81 81 29 29 22 22 85 85 17 17 10 10 28 28 72 72 20 20 31 31 100 100 57 57 18 18 46 46 47 47 43 43 31 31 61 61 86 86 72 72 92 92 44 44 78 78 59 59 15 15 42 42 7 7 80 80 64 64 92 92 27 27 13 13 98 98 11 11 64 64 75 75 17 17 16 16 29 29 87 87 81 81 79 79 86 86 80 80 99 99 71 71 100 100 
53 53 32 32 67 67 12 12 74 74 63 63 78 78 46 46 88 88 25 25 47 47 58 58 27 27 23 23 57 57 97 97 70 70 10 10 50 50 16 16 33 33 78 78 50 50 78 78 53 53 4 4 88 88 64 64 22 22 52 52 52 52 41 41 45 45 20 20 77 77 74 74 50 50 39 39 34 34 2 2 54 54 82 82 5 5 9 9 39 39 16 16 59 59 18 18 9 9 70 70 
32 32 22 22 69 69 73 73 30 30 13 13 14 14 30 30 9 9 48 48 63 63 3 3 98 98 69 69 7 7 42 42 83 83 48 48 65 65 25 25 18 18 79 79 42 42 22 22 9 9 29 29 16 16 3 3 14 14 22 22 51 51 5 5 11 11 92 92 42 42 18 18 92 92 68 68 73 73 94 94 1 1 27 27 28 28 64 64 68 68 22 22 16 16 24 24 7 7 40 40 
24 24 91 91 87 87 19 19 26 26 60 60 19 19 85 85 81 81 26 26 21 21 22 22 98 98 46 46 84 84 65 65 87 87 45 45 87 87 33 33 91 91 44 44 6 6 21 21 14 14 64 64 45 45 16 16 66 66 35 35 36 36 21 21 1 1 20 20 51 51 32 32 39 39 95 95 69 69 62 62 93 93 83 83 29 29 51 51 55 55 53 53 88 88 45 45 19 19 93 93 
17 17 58 58 89 89 98 98 16 16 79 79 57 57 6 6 10 10 90 90 18 18 95 95 16 16 53 53 99 99 69 69 97 97 86 86 43 43 82 82 86 86 45 45 67 67 26 26 16 16 91 91 28 28 96 96 67 67 67 67 79 79 27 27 90 90 83 83 52 52 34 34 59 59 78 78 34 34 3 3 6 6 48 48 62 62 48 48 56 56 45 45 56 56 43 43 44 44 70 70 
26 26 31 31 37 37 47 47 56 56 74 74 73 73 95 95 59 59 96 96 53 53 47 47 47 47 23 23 75 75 56 56 98 98 16 16 49 49 44 44 77 77 50 50 86 86 98 98 43 43 36 36 56 56 96 96 43 43 93 93 68 68 38 38 69 69 9 9 56 56 1 1 89 89 46 46 17 17 33 33 81 81 48 48 57 57 96 96 48 48 43 43 24 24 62 62 52 52 54 54 
97 97 38 38 83 83 69 69 17 17 84 84 89 89 15 15 38 38 93 93 9 9 61 61 75 75 81 81 43 43 42 42 35 35 3 3 73 73 98 98 97 97 74 74 89 89 34 34 74 74 41 41 95 95 62 62 83 83 75 75 29 29 10 10 41 41 89 89 76 76 43 43 56 56 4 4 5 5 1 1 81 81 36 36 50 50 85 85 11 11 30 30 88 88 94 94 95 95 92 92 
72 72 45 45 91 91 2 2 70 70 93 93 22 22 6 6 49 49 100 100 45 45 34 34 31 31 33 33 60 60 100 100 21 21 5 5 47 47 11 11 8 8 5 5 71 71 100 100 66 66 1 1 94 94 12 12 56 56 37 37 1 1 43 43 43 43 29 29 72 72 74 74 24 24 68 68 95 95 62 62 25 25 43 43 17 17 28 28 6 6 33 33 12 12 43 43 8 8 87 87 
52 52 59 59 4 4 11 11 72 72 69 69 53 53 29 29 7 7 70 70 65 65 33 33 22 22 87 87 88 88 18 18 34 34 15 15 62 62 41 41 80 80 79 79 58 58 20 20 31 31 99 99 89 89 71 71 61 61 53 53 14 14 88 88 90 90 19 19 18 18 37 37 69 69 36 36 32 32 99 99 64 64 69 69 30 30 62 62 26 26 94 94 10 10 76 76 89 89 74 74 
97 97 64 64 89 89 68 68 19 19 24 24 4 4 91 91 62 62 49 49 36 36 87 87 36 36 56 56 54 54 58 58 96 96 88 88 92 92 75 75 61 61 16 16 62 62 22 22 2 2 37 37 20 20 68 68 92 92 17 17 80 80 14 14 24 24 39 39 28 28 31 31 90 90 14 14 62 62 97 97 84 84 95 95 64 64 51 51 88 88 72 72 86 86 6 6 71 71 81 81 
65 65 61 61 78 78 52 52 26 26 6 6 42 42 46 46 17 17 96 96 89 89 31 31 34 34 29 29 64 64 1 1 65 65 94 94 18 18 85 85 22 22 71 71 79 79 28 28 23 23 61 61 93 93 65 65 26 26 39 39 70 70 9 9 51 51 20 20 16 16 32 32 89 89 95 95 44 44 87 87 6 6 46 46 57 57 64 64 59 59 11 11 79 79 16 16 48 48 34 34 
23 23 74 74 12 12 85 85 2 2 53 53 5 5 4 4 86 86 89 89 55 55 62 62 58 58 41 41 93 93 91 91 97 97 24 24 50 50 67 67 97 97 55 55 36 36 23 23 45 45 88 88 57 57 62 62 25 25 6 6 64 64 72 72 72 72 11 11 15 15 82 82 1 1 23 23 7 7 53 53 87 87 32 32 36 36 84 84 22 22 87 87 10 10 32 32 80 80 95 95 
41 41 35 35 35 35 52 52 75 75 27 27 98 98 51 51 65 65 44 44 22 22 52 52 99 99 80 80 19 19 86 86 64 64 86 86 93 93 63 63 56 56 55 55 64 64 86 86 99 99 68 68 26 26 87 87 77 77 8 8 47 47 90 90 77 77 60 60 80 80 74 74 46 46 27 27 71 71 33 33 88 88 92 92 93 93 60 60 1 1 30 30 64 64 57 57 14 14 24 24 
60 60 42 42 29 29 91 91 57 57 38 38 80 80 100 100 9 9 20 20 10 10 65 65 1 1 84 84 23 23 40 40 81 81 75 75 54 54 56 56 19 19 23 23 2 2 36 36 51 51 55 55 74 74 23 23 28 28 30 30 92 92 20 20 61 61 45 45 83 83 65 65 75 75 71 71 62 62 21 21 64 64 77 77 79 79 27 27 84 84 18 18 76 76 63 63 30 30 40 40 
76 76 49 49 55 55 60 60 70 70 85 85 50 50 29 29 85 85 55 55 24 24 16 16 11 11 78 78 53 53 79 79 83 83 87 87 2 2 37 37 75 75 72 72 70 70 83 83 86 86 71 71 42 42 64 64 42 42 82 82 68 68 8 8 31 31 62 62 34 34 51 51 31 31 82 82 89 89 33 33 85 85 88 88 37 37 59 59 12 12 75 75 13 13 16 16 77 77 7 7 
36 36 56 56 51 51 41 41 61 61 59 59 16 16 95 95 17 17 43 43 50 50 56 56 22 22 5 5 89 89 66 66 35 35 82 82 32 32 37 37 20 20 51 51 21 21 44 44 90 90 46 46 83 83 68 68 64 64 50 50 98 98 91 91 69 69 43 43 65 65 70 70 51 51 80 80 41 41 71 71 57 57 46 46 10 10 27 27 90 90 89 89 13 13 87 87 9 9 79 79 
53 53 58 58 32 32 68 68 99 99 76 76 36 36 73 73 36 36 59 59 32 32 55 55 23 23 29 29 61 61 1 1 18 18 51 51 11 11 99 99 12 12 73 73 74 74 23 23 92 92 95 95 97 97 45 45 30 30 95 95 99 99 50 50 45 45 28 28 9 9 25 25 4 4 9 9 11 11 39 39 48 48 98 98 16 16 78 78 62 62 57 57 33 33 66 66 17 17 24 24 
78 78 61 61 52 52 92 92 78 78 90 90 98 98 83 83 84 84 83 83 65 65 29 29 21 21 4 4 19 19 14 14 79 79 78 78 36 36 87 87 25 25 60 60 1 1 28 28 24 24 52 52 92 92 28 28 29 29 19 19 41 41 40 40 61 61 56 56 4 4 19 19 86 86 21 21 51 51 96 96 94 94 88 88 75 75 49 49 31 31 59 59 37 37 23 23 83 83 63 63 
30 30 27 27 12 12 90 90 4 4 91 91 21 21 58 58 79 79 75 75 61 61 22 22 61 61 89 89 16 16 19 19 28 28 39 39 2 2 35 35 43 43 42 42 72 72 23 23 13 13 31 31 62 62 14 14 24 24 33 33 67 67 22 22 41 41 77 77 98 98 59 59 87 87 59 59 74 74 70 70 50 50 12 12 14 14 82 82 64 64 28 28 18 18 11 11 78 78 15 15 
69 69 36 36 57 57 6 6 37 37 5 5 66 66 57 57 32 32 30 30 74 74 2 2 31 31 69 69 29 29 79 79 35 35 22 22 67 67 79 79 93 93 32 32 49 49 96 96 81 81 5 5 71 71 66 66 55 55 19 19 19 19 91 91 30 30 70 70 44 44 42 42 40 40 57 57 100 100 20 20 45 45 48 48 86 86 26 26 45 45 53 53 42 42 32 32 1 1 88 88 
92 92 41 41 68 68 3 3 20 20 93 93 43 43 12 12 72 72 22 22 41 41 24 24 54 54 52 52 17 17 10 10 89 89 99 99 21 21 28 28 44 44 35 35 8 8 5 5 15 15 38 38 83 83 53 53 11 11 64 64 27 27 41 41 38 38 42 42 39 39 50 50 25 25 56 56 91 91 96 96 86 86 99 99 53 53 68 68 40 40 30 30 69 69 41 41 42 42 83 83 
77 77 29 29 8 8 33 33 2 2 26 26 62 62 25 25 40 40 72 72 68 68 57 57 5 5 69 69 57 57 79 79 48 48 58 58 45 45 99 99 40 40 72 72 12 12 22 22 18 18 71 71 45 45 16 16 12 12 50 50 19 19 68 68 75 75 54 54 90 90 82 82 1 1 42 42 5 5 96 96 47 47 1 1 57 57 64 64 87 87 46 46 43 43 79 79 48 48 51 51 
58 58 83 83 33 33 33 33 1 1 45 45 49 49 36 36 58 58 3 3 37 37 2 2 58 58 40 40 6 6 2 2 77 77 100 100 15 15 14 14 69 69 95 95 15 15 25 25 50 50 94 94 48 48 25 25 33 33 32 32 14 14 14 14 62 62 63 63 66 66 97 97 37 37 63 63 91 91 3 3 20 20 15 15 25 25 38 38 60 60 16 16 43 43 34 34 46 46 65 65 
93 93 40 40 51 51 23 23 40 40 70 70 75 75 78 78 76 76 12 12 18 18 52 52 24 24 45 45 38 38 20 20 35 35 56 56 46 46 98 98 47 47 42 42 99 99 88 88 100 100 30 30 46 46 20 20 22 22 35 35 91 91 87 87 21 21 4 4 53 53 99 99 93 93 43 43 73 73 4 4 20 20 66 66 100 100 84 84 43 43 66 66 66 66 71 71 1 1 5 5 
